7852
999
4830
2064
4318
7422
7424
3845
1956
3732
673
4313
25855
3091
960
7157
6387
5743
7040
55281
6696
7291
7430
1499
5037
5728
6275
4233
3688
10855
6774
332
682
4790
4582
3814
4316
7074
5290
2277
6615
4312
2099
9112
3576
3480
1236
8842
8434
5747
207
11156
6591
5879
7076
4323
3685
2146
389
387
9788
6935
3569
10397
92140
857
595
3082
2324
10630
5744
1029
6714
4288
4089
406991
3690
2149
100124700
1000
928
8626
8600
7431
7052
6401
596
5268
4851
4831
4609
4311
3815
3678
3383
57007
4915
2475
7124
7077
6304
5594
5329
5243
4015
3958
3897
3791
367
3397
3146
2735
2697
2625
2152
10553
10551
1027
768
6657
64866
648
5595
5328
406903
3655
355
2321
2305
2100
2022
1401
1048
9839
7849
7048
672
6667
6416
5970
5925
4193
4072
397
396
3925
301
2810
2719
238
2335
1500
10631
100133941
8792
860
841
7980
7412
7057
7015
6850
6386
5584
5156
5054
4585
4322
4162
4088
406937
3611
3486
3479
3381
3159
302
29956
2067
2017
1490
10643
9429
9232
9076
8091
79444
7080
6469
6390
6347
6093
5829
5716
567
5460
5241
50943
5076
4982
4314
4286
406983
4017
3880
378938
3691
3675
356
3491
346389
2065
2034
1969
192343
1906
1508
1432
1113
1045
9353
9314
80781
7298
7153
7099
7078
7046
7045
6648
6513
56649
558
54474
51754
5111
4739
4486
442904
4282
407029
406985
406935
406913
3956
3579
3315
2944
285
23405
2308
2260
216
2150
2118
1950
1277
1235
10413
10395
1026
1015
9590
9564
94025
8795
7474
7345
6790
6768
6623
654
6502
650
6403
634
6280
6277
5979
57447
55704
5176
5159
51129
5058
4893
4478
4317
407040
407004
406996
406984
406947
406933
406931
406881
3939
3927
3852
383
3620
3553
3488
3485
3309
2950
2932
29126
22943
2214
214
208
2078
1977
1958
1890
1869
1612
1513
1509
1462
1385
117581
11315
10810
10399
102
977
9510
9476
9475
9166
8797
8754
8751
8678
864
836
8202
81839
8111
80381
8000
7515
7372
7270
6876
675
6678
6624
6495
6382
6285
6279
6273
6197
598
5888
574447
57111
5590
5578
55353
5468
54106
5338
5310
5294
51741
4907
4843
4832
4733
467
4602
4320
4255
4250
4092
407046
407035
407011
406988
406971
406958
406885
3959
3952
3934
3918
3855
3676
3673
3667
3371
3320
331
3265
324
3172
2920
2919
2833
2705
27043
25937
23705
2353
23136
2272
2263
2191
2048
1910
1893
1830
1789
174
1636
1634
157310
1524
1514
1485
1474
142
1364
1191
10894
10672
10298
998
9947
9922
976
972
9588
958
94234
9271
9241
9212
9181
9021
901
89780
891
8877
8828
8772
8771
8743
8549
84634
84513
83998
83700
8314
81671
81
8038
79923
7528
7525
7490
7114
7113
7097
708
7070
7042
7039
7033
7031
7020
7001
6997
6934
6885
6863
6794
6777
6772
6716
6690
6590
652
6480
6422
6405
6352
6318
6288
6091
5915
5901
5899
5898
5874
5868
581
5783
5781
57580
574506
574456
5727
56648
5653
5629
54658
5420
54
53827
5340
5320
5315
5304
5245
5216
5187
5175
5155
51474
51330
51266
51176
50807
4921
4914
4904
4824
4804
472
4613
4440
442908
442893
442890
4326
4324
4319
4292
4087
407043
407026
407008
407006
4070
406992
406989
406987
406986
406982
406940
406938
4041
3987
3965
3936
3725
3606
3598
3565
3552
3417
3398
3329
3224
3169
3162
3135
30968
3084
306
2934
28992
2896
2852
27161
27076
27074
2706
2690
267
2534
2346
23411
2319
2316
23129
2309
23076
23028
23022
2264
2247
2241
2194
2185
2113
2051
1994
196
1839
182
1803
177
1748
1602
1540
1434
1400
1366
1272
115908
11279
11186
1116
10763
10628
10610
10516
10487
10146
10131
9891
9846
9723
967
9557
9531
9462
9439
9423
9289
9235
9219
9211
9168
9037
890
8839
8829
8763
8742
874
8727
867
8660
8651
8614
84951
8490
843
84171
840
8260
826
822
821
8190
81631
8061
80279
79718
796
79109
7803
780
7764
7593
7534
7531
7480
7428
7421
7329
7299
7297
7170
7103
7083
7079
7032
7009
694
6926
6869
6868
6862
684
6781
6778
6752
6715
6662
6659
664
6605
6598
6597
655
6548
6520
6498
64754
6464
643
6385
6366
6362
6331
6317
6300
6282
6281
6278
627
6256
6240
602
5962
5935
59348
59
5894
57650
5754
57504
574444
574413
574411
574031
57402
5740
5733
5731
573
5660
5654
5650
5617
5607
5599
5598
5591
55743
554210
55366
5530
55124
54940
54822
5467
54567
5347
5337
53340
5228
51438
51435
51162
51147
5104
50848
5081
5079
5077
50616
5008
4916
4908
4854
4838
4803
4772
4680
4627
4615
4588
4586
4583
4524
4485
4481
4436
4325
4321
4303
4249
4192
4170
4157
4128
4118
4082
408
4071
407055
407047
407030
407021
407018
407012
407007
407000
406979
406959
406941
406924
406910
406907
406902
406901
406900
406892
4060
406
4009
3993
3977
3953
3921
3914
389421
388
3856
3838
382
3757
374907
3728
3714
3706
3696
3670
3621
362
3600
360
3589
358
3574
3558
3549
3487
3458
3399
3316
3313
329
3248
3219
3217
317
3002
2984
2952
29119
28987
2885
2878
283120
2821
2798
2784
2776
2768
2767
274
2736
27346
27250
27113
27085
27
2683
26762
26523
2650
2627
2621
2619
26085
2591
25803
25800
25794
250
246778
239
23462
23452
2303
22974
2274
2212
2202
219541
2171
2155
2147
2069
2068
2057
2050
2047
1997
1901
183
1809
1806
1805
1793
1785
1630
1588
1525
1495
1493
1471
1464
1452
1435
1410
133
1316
128209
1244
1234
1230
1192
118856
1131
11187
11009
11004
10987
10863
1082
10724
1072
10686
10663
10562
10549
10537
1051
10507
10488
10468
10457
10411
10276
10273
10232
10188
10163
1012
101
1009
10057
1001
9982
9971
9965
9940
993
9928
9908
9902
990
9869
9848
9844
983
9805
9794
9781
9780
9777
9770
975
9722
9718
9703
9644
9641
9640
9636
9635
9622
9612
9592
959
9586
9575
9547
9536
9520
9518
9500
950
947
9456
9445
943
94240
941
94031
94015
93974
9368
9355
933
929
9260
9253
92304
9215
9208
920
9173
9170
91544
9146
9138
9135
9134
9133
9122
912
9119
90993
9097
90952
9093
9075
9048
9043
9019
900
9
8996
898
8976
8974
894
8936
8895
8880
8878
8841
8840
8838
8837
8745
8741
8718
8644
8635
861
85414
8533
8525
8519
85004
84962
84955
84944
8491
84904
84876
8487
84868
84803
84735
84733
8473
84700
84687
84666
8460
846
84572
84557
8454
84525
8451
84329
84218
842
84168
84152
8404
83933
83854
838
83734
8372
83706
83658
83394
8324
831
8290
8289
824
8208
820
81624
8140
811
8087
8079
8073
80319
80315
8031
80243
80204
80150
79971
7991
799
79695
79577
79447
79365
79148
79137
7913
79054
79017
79016
7839
7799
7782
7707
7706
7704
760
759
7555
7538
7532
7520
7517
7507
7482
7481
7477
7471
7465
7453
7448
7447
7436
7423
7415
7410
7408
7380
7379
7378
7361
7357
7351
7306
7305
730262
7295
7293
7251
7249
723788
7220
7216
7189
7184
7182
7173
7169
7168
7163
7161
7145
7133
7132
7127
7122
712
7104
7102
7098
7094
7082
7071
7054
7049
7043
7038
7030
7026
7024
7023
7012
7010
699
6955
6938
693224
693207
6916
6909
6890
688
683
680
6786
6776
6770
6760
6757
6754
6748
6713
6701
6700
6695
6693
6692
6670
6664
6608
66004
6599
659
6582
653509
653220
653
652995
6515
6510
6497
6494
6490
6489
6484
6482
64778
64710
644943
64326
6418
64127
64114
64090
64083
64078
64072
6404
6392
6383
6374
6372
6369
6367
6364
6363
6360
6358
6354
6348
6346
6337
6334
633
6324
632
6286
6272
6271
624
6232
6198
619554
6185
6170
6098
607
6059
6050
60495
6035
6019
6013
6004
60
5999
5997
5978
5976
5954
5948
59343
5932
59272
5920
5916
5908
5906
5900
5891
5885
5881
5880
5873
586
5801
580
5793
5789
57817
578
5774
5771
5770
57646
57591
57575
5753
5745
574474
574455
574450
5742
574032
5738
5724
57214
5721
572
57186
57167
57144
57136
57125
57091
56999
56946
56924
56888
5688
56729
56667
56547
5652
5649
5646
56413
563
56288
5624
5621
5605
5604
5603
55937
55898
55894
55872
5582
55810
5581
55789
55742
55740
55698
55691
55652
55630
55612
5552
55512
55503
55502
5550
5538
55294
55272
5515
55135
5510
5506
55004
54910
54904
54874
54845
54843
54809
54802
5478
54778
5464
541466
54097
5396
53836
5371
53635
5359
5358
5352
5349
5339
5335
5330
5327
5325
5308
5305
5300
5295
5293
5291
5284
528
5272
5270
5267
5230
51809
51773
51752
51742
5168
5167
5165
51643
51637
51592
51561
51554
51466
5133
51208
51201
51196
5110
51079
51053
5099
50964
50652
5052
50515
5045
5036
5029
5010
501
4988
49860
4978
4953
494337
494336
494330
494327
494325
494324
4929
4925
4923
4922
4919
4909
489
4856
4855
4846
4802
4780
4773
4771
476
4758
4684
4683
4670
4644
463
4599
4535
4513
4482
445
4437
4435
442919
442918
442917
442913
442909
442901
442900
4356
4352
4345
4308
4296
427
4261
4246
4214
4194
4168
4152
4137
4102
4091
407054
407050
407041
407033
407028
407027
407024
407019
407015
407013
407010
407009
407003
406995
406994
406978
406976
406972
406970
406969
406966
406965
406961
406954
406952
406950
406948
406945
406944
406942
406932
406929
406928
406925
406921
406920
406919
406909
406896
406895
406891
4059
4052
405
4035
3996
3985
3984
3976
3973
3960
3957
3945
391627
3912
3911
390
389816
389289
3885
387893
387836
3875
3872
387103
3853
3833
3827
3820
38
3778
375790
3756
375056
3735
3730
3716
3699
3697
3694
3692
3689
3684
3680
3665
3636
3630
3627
3626
3624
3623
3622
3605
3596
3592
3590
3578
3577
3575
3572
3566
3562
3490
3484
3482
3481
347736
3455
3433
343
3394
339390
3384
3373
336
335
3339
3326
3324
3308
330
3293
3292
3280
328
3273
3266
3249
3240
3235
3229
3218
3206
3198
3190
3182
3178
3170
3164
3161
3133
311
310
3099
3090
3075
307
3066
3065
3064
3036
30014
30009
29995
29949
29931
2990
29803
2947
2923
2921
29117
29110
29102
2909
29028
290
28985
28964
2886
284656
284
2828
2817
2797
2796
2771
2770
27429
2740
2739
2737
27342
27340
2734
27330
27248
27145
27122
27101
27087
27069
27044
27035
27022
2693
2688
2671
2670
2668
2658
26524
2651
26471
26269
2626
26166
26137
26136
26135
25988
25970
2590
259
25818
25816
255738
253260
2532
2526
2524
2523
2521
2512
25
2495
2494
246
23765
23650
23603
23581
2356
2354
23532
23513
23512
23508
23492
23468
23451
2342
23406
23327
23326
23284
23250
23239
2315
23081
23030
23017
2300
2296
22954
2295
2294
22882
22846
22800
22794
2273
2262
2261
226
2253
2243
222663
2222
221395
2213
2201
220001
220
219699
2186
218
2177
2170
2168
2139
213
2119
2115
2114
2066
2059
2056
2054
2049
2045
2043
2041
2033
2030
2026
2023
202
2014
2012
2011
200504
200186
2001
200081
20
1999
1984
1978
1964
1960
1948
1947
192670
1915
1909
1908
1902
1889
1874
1871
185
1848
1843
1828
1825
1800
1756
1729
170692
1663
166
165082
1649
1647
1644
1627
1605
1604
1601
1583
1573
155465
1543
154
153090
1522
1520
151871
1488
148252
1475
1460
143941
143689
143384
140809
1406
1404
14
1398
1386
1378
1365
1363
136
134265
134079
131920
1288
1278
1268
124220
1238
1233
122953
121214
1200
117178
116841
1163
114793
114548
1139
1137
11320
11230
11218
11214
11202
11200
11197
11178
11167
11149
1111
11104
11093
11082
11080
11065
11059
11047
11013
10988
10979
10966
10951
10948
10928
10891
10875
10874
10856
10848
10803
10765
10747
10723
1068
10673
10657
10642
10625
10590
10572
10539
10524
10512
10501
10481
10461
10460
10458
10456
10451
10447
10432
10419
10417
10403
10383
10381
10371
10370
10342
10320
10278
10215
10197
1019
10189
10181
101669762
10155
10152
10100
1010
10097
10096
100885779
10055
10054
100507436
100506658
100506428
10049
100422910
100302282
100302263
100302242
100302238
10023
10018
100126306
100126297
100126296
10011
10009
10006
10005
60489
468
571
728
1052
1063
9080
1291
1311
1459
2535
2556
51738
51280
157
3567
51447
9358
8930
26227
55023
29122
57403
4920
6237
6423
10736
6666
6732
6999
7018
7334
7409
26118
