14
20
5243
10057
9429
10006
10152
25
27
1636
59272
2532
1238
57007
10005
54
59
60
86
81
10097
10096
130399
102
8038
8751
6868
8745
10863
101
8754
9510
11093
170692
976
221395
9289
23284
9370
133
136
154
84740
134265
84632
4301
174
177
26523
27161
192670
10551
155465
183
185
186
196
9131
84962
9590
1646
8644
207
208
10000
214
216
220
218
501
226
238
246
240
249
250
10189
23600
259
267
154796
284
285
23452
51129
83854
23253
55107
338440
3730
84168
301
302
389289
306
307
310
317
321
324
328
8539
57136
60489
55937
358
360
362
343
367
382
383
2909
394
396
397
9138
9181
84904
8289
5926
51742
23568
10550
25852
405
406
408
9048
50807
430
54829
445
29028
467
468
83734
472
23250
489
506
528
93974
6790
9212
26053
8313
558
567
27087
10331
93010
374907
2683
8703
572
573
9532
9531
10458
578
8314
581
11176
27113
4059
9564
400500
586
596
598
10018
83596
599
607
624
627
8678
633
274
329
330
332
79444
101669762
648
649
650
652
653
654
655
664
673
672
675
29117
25855
680
682
684
694
11149
51637
712
708
64771
759
760
768
143384
27101
23705
796
811
813
820
821
10487
822
826
29775
64170
843
836
841
842
57091
847
857
867
868
873
874
100506428
8535
23468
23492
57332
57805
55704
440193
6346
6358
6362
6363
6347
6366
6367
6348
6352
6354
6355
890
891
9133
595
894
900
901
1230
1233
1234
1235
1236
10803
135228
929
977
8763
4345
933
100133941
29126
80381
947
920
958
960
961
1604
967
972
941
975
3732
928
998
79577
55143
64866
999
1009
1010
1012
1015
1000
1001
983
1019
80279
1024
1026
1027
1029
100048912
1045
634
1084
1048
4680
1050
1051
57214
387103
29956
253782
1068
1072
1080
8208
9557
1111
11200
55743
1113
1116
1131
1137
1139
1147
4435
10370
1163
1179
9635
1182
9076
5010
10686
51208
1365
1364
7122
1366
51266
387836
339390
10332
1192
9022
25932
6249
9575
1191
123920
7555
84735
1268
1272
80781
1277
1281
1288
8533
23603
4513
1363
132864
80315
8895
1378
1382
1385
10488
9586
1390
51232
1398
1399
1400
49860
1401
200186
1410
1434
1435
1452
1457
1460
1464
1471
1474
1475
541466
1485
1490
115908
1493
1495
29119
8727
1499
1500
1501
1508
1509
1512
1513
1514
1520
1522
2017
8454
1523
1524
1525
2919
3627
6387
9547
2920
2921
6372
3576
3577
3579
2833
7852
643
10663
80319
1727
54205
1540
1588
1543
1545
1573
1576
1577
3491
1601
153090
1602
117154
168002
1605
1612
79016
1643
1649
780
4921
55894
7913
55789
64798
1719
56616
1729
23405
148252
9077
85458
22943
27122
27121
10395
9940
28514
54567
1748
9093
11080
10049
1785
1788
1789
1793
9732
1800
1803
151871
1806
1809
4733
29102
1825
1830
1843
1848
1856
1869
1871
9166
1889
9718
1893
1894
1906
1909
1910
2202
1947
1948
1950
51162
1956
112399
1958
1960
30846
10919
1964
8668
1975
1977
1978
56648
3692
1994
1996
1997
2001
2004
9844
2012
2014
56946
55740
2022
2023
2026
5167
5168
953
2033
2034
23136
80314
4072
2041
284656
1969
2043
2045
2047
2048
2049
2050
2056
2057
2059
94240
51752
3266
2064
2065
2066
2067
2069
2078
10961
90952
11082
2099
2100
54845
2113
2114
2115
2118
51513
7813
51466
2139
2146
7430
50848
2147
2149
2150
2152
2155
2168
2170
2171
8772
23017
23196
79137
54097
2177
2191
355
356
2194
10516
2200
2201
80204
55294
2217
2222
400550
2241
55612
10979
83706
2246
2256
9965
2247
2253
9982
2260
2263
2261
2264
10875
2272
2274
27145
2289
2313
2316
10211
2319
2321
2324
114793
91010
2335
64778
2346
2353
2354
8061
3170
2296
2303
27022
2304
2295
2302
55810
221937
2300
2305
1112
2308
2309
4303
50943
94234
2358
10023
6624
25794
10468
11167
8880
5045
2521
8087
5349
53827
2534
2535
8324
10146
9908
2539
2549
9846
2556
1647
64090
2591
2619
60674
2621
2625
2626
2627
2634
2650
2651
9518
2658
2668
8487
2674
79017
27069
2690
51738
28964
2697
2705
2706
56287
200504
2734
2735
2736
2737
10539
51053
2768
10672
2770
2784
84572
2797
64083
84803
2719
2262
2852
2821
10457
2828
8111
53836
2876
2878
2885
2886
2907
2914
2896
145258
55876
2932
2934
2944
2947
2950
2952
2990
3002
283120
3014
57817
3036
10456
1839
3065
83933
3066
9759
3068
3280
23462
3082
3090
3091
3092
8290
3098
3099
3133
3135
3159
8091
3146
3161
3162
6927
283460
3172
3178
3182
3184
3190
4670
9456
84525
100124700
3198
3202
3205
10481
3215
3217
3219
3224
3235
3240
3249
10855
60495
3265
3270
3273
3297
3320
3324
3326
7184
3308
3309
3313
3315
3316
3329
10553
5654
27429
94031
3064
728655
84329
3373
8372
3381
3383
3397
3398
3399
3417
3620
3433
8519
3455
3458
3479
3480
10642
10643
3484
3485
3486
3487
3488
3490
93185
3549
3551
9641
3586
3589
3592
3596
3597
3598
3605
23765
55540
3606
29949
3552
3553
9173
3558
50616
51561
11009
3561
9235
146433
3565
3566
3567
3569
3574
3575
3611
55272
3621
51147
84289
3624
3626
8821
3636
3630
8826
9922
3654
3665
3667
8660
79192
153572
9636
3673
3675
3676
3678
3655
3684
3685
3688
3689
3690
23421
3691
3693
3694
3696
3697
3699
10625
182
3714
3716
3717
83700
122953
3725
3728
3735
10524
11104
3756
3758
3778
3783
23028
55818
23030
23081
5927
23135
3791
9817
10657
9703
57650
9928
11004
3797
3805
3814
84634
3815
4254
9365
128209
10365
9314
688
1316
11279
26085
354
9622
5653
5650
11202
387893
3827
3845
3861
3872
3875
3880
54474
3885
3852
3853
3855
9119
3856
3897
110251006
3911
3914
3918
27074
55004
51056
55353
9215
120071
51574
3927
27040
26524
3934
3936
3939
11061
51176
3952
7839
3953
3956
3957
3958
3959
3964
3965
9211
163175
55366
8549
3973
3976
3977
51474
3984
3985
3987
79727
389421
29931
147093
100885779
200879
3996
3993
29995
4000
4015
4017
84171
1902
9170
116844
4041
4040
389816
9208
56413
4052
4067
66004
27076
10894
11178
346389
28992
84944
4094
4102
4108
9947
51438
9500
4118
378938
9794
4128
84557
81631
4133
6416
5609
4214
4296
6885
79649
5594
6300
5603
1432
5595
5598
5599
5601
79109
4082
2011
10747
4152
8932
4154
4162
4168
4170
28985
9656
4192
4193
4204
219541
9439
4233
10988
9848
4248
4249
10724
4255
8190
375056
100507436
84299
4282
723788
4286
4288
57591
2315
8079
4292
4311
4312
4319
4320
4321
4322
4323
4324
4325
4326
4313
118856
56547
79148
4314
4316
4317
4318
64210
55233
4352
4356
9019
9902
65080
4436
4440
10232
4478
4481
4482
4485
4486
9112
9219
57504
4507
27085
92140
4524
4543
2475
9788
4582
56667
94025
4583
200958
4585
4586
4588
118430
4599
4084
4602
4609
4613
4615
4627
4651
4430
4644
4650
4654
7593
8260
4665
10135
79923
9
4683
4691
10499
8202
8031
9612
374383
10403
10397
57447
51079
4715
283131
4734
23327
4739
10763
10276
4758
192343
4771
4772
4773
4780
4781
4790
4791
4803
4804
11188
7080
4824
22861
114548
4830
654364
4831
4832
347736
10874
28987
64127
9241
8996
4843
4846
4851
4854
27035
9520
4878
9971
7182
10002
7026
3164
4929
4893
4899
3084
8829
8828
4907
9423
4914
4915
4916
9891
4925
64710
84955
26471
54940
100506658
54959
4953
4968
8473
4973
3175
4978
4988
84876
5005
114879
5008
55611
5029
8974
55824
5058
10298
57144
23022
152559
56288
50855
11315
142
55742
29780
5076
5077
5078
5079
5081
7849
5090
57326
50652
5093
57575
5101
5110
5111
255738
5133
27250
10015
5155
5156
5159
2923
9124
9260
10630
79834
5037
157310
5175
27043
5187
5216
5228
5230
5241
5245
8554
9780
5284
5290
5294
5295
5296
5292
5300
54984
5304
5305
9600
83394
5307
5308
9271
55124
143689
5310
5312
5315
11187
51365
8399
11145
5320
50487
5325
5328
5329
51196
5337
5338
5339
5340
5347
10733
5352
84513
5358
57125
5364
23129
6490
5371
5376
5420
5443
10631
5460
5464
5467
5468
10891
5478
730262
8493
10848
84687
5515
5530
5538
11230
23532
7799
5052
7001
10549
9588
5550
57580
80243
5562
5578
5581
5582
5584
5590
5587
25865
23683
5591
5617
5618
3276
54496
5621
5624
8842
5629
5396
5646
5652
5660
8000
5688
5716
5721
10197
5724
5727
5728
5731
5733
9536
5740
5742
5743
5745
5744
5747
2185
5753
5754
7803
8073
11156
5770
5781
5783
5771
5774
5777
5789
5801
9232
5806
5829
84440
5861
81876
57403
51715
57111
5874
326624
9545
10966
5868
9135
27342
5879
5880
5881
29127
10399
5885
5888
55698
5894
5897
5898
5899
10928
57186
5900
5901
5906
5908
10411
5915
5916
5920
5921
9462
11186
644943
9770
83593
5925
5932
10181
5954
5962
8434
5965
83998
5970
5971
85004
5979
56729
84666
64326
6004
5997
8490
387
388
389
253260
8780
6013
6019
6035
54778
285671
10193
6050
6091
6093
9475
4919
6170
6232
6197
6198
3921
22800
6240
23076
51773
6242
860
864
6256
6281
6282
57402
6273
6275
6277
6278
6279
6280
6285
6286
1901
6288
6290
10055
57167
54809
6304
23314
51435
950
4246
4250
92304
10590
6324
9805
57758
6382
6383
6385
6386
6390
8436
121214
6401
6403
6404
9723
6405
10509
54910
10507
9037
10501
29843
26168
26135
5104
6317
6318
5268
3053
5054
5270
5176
83667
6418
9739
29072
9869
2810
6422
6423
653509
6446
25970
6464
6469
6477
150094
23411
51548
51547
6495
6498
6502
9122
6510
6513
6515
55630
25800
6520
6548
9353
22865
6590
4086
4087
4088
4089
4091
4092
6597
6598
6599
6605
6608
55512
57154
64750
64754
6615
6591
6623
27044
8651
9021
6648
6649
6666
64321
6657
6659
30812
6662
6667
6670
9043
6678
25803
8877
6690
6692
10653
6693
6695
10417
6696
6701
100642175
6713
10011
6714
6722
5552
6732
63826
140809
6760
6748
6752
6754
117178
6768
6482
6480
10610
6489
90627
6772
6774
6776
6777
6778
6781
8614
6786
6794
3925
30968
10273
2054
10228
55359
55959
6839
23512
6850
8871
171024
84958
54843
6862
6863
10460
6869
4070
6876
6890
6901
29110
79718
6909
30009
6926
6916
6938
6929
6934
6997
7010
7012
7015
26136
80312
54790
7023
7024
7031
7032
7033
7980
7038
7039
7040
7042
7045
7046
7048
7049
60436
7052
7057
7058
7066
7068
7070
7074
7076
7077
7078
7082
7097
7098
7099
54106
4071
9032
64114
51643
7009
55273
131920
92162
51754
27346
7113
56649
11013
7114
3371
7124
7126
7127
7128
25816
79626
8797
8795
8792
4982
51330
7132
7133
8718
7293
8771
8600
8742
8741
10188
63923
7145
23371
64759
84951
7153
7157
8626
7161
7162
7163
7168
7169
7170
1200
8460
22974
9618
7189
10131
10626
7706
10155
23650
22954
51592
9322
54802
7220
54822
7227
55503
7249
7251
85480
23554
10100
7102
7103
143941
23508
8458
10383
7991
7291
117581
7295
51060
10628
7297
1890
7298
7299
7306
10054
10537
11065
7329
7334
7335
652995
7345
7351
7357
7366
7367
29128
51720
8408
7372
55898
219699
5976
7378
9097
23326
57646
7402
81839
22846
7408
7410
10451
7412
1462
7415
7421
7422
7423
7424
2277
55591
7431
7436
81671
7447
79679
220001
8936
10163
10810
8976
10406
11197
8840
8839
8838
79971
7471
7481
7482
89780
7474
7477
55135
26118
7490
51741
11059
25937
653067
2829
331
7515
7516
7520
10413
4904
7525
7531
7532
7534
7528
7704
26137
10009
51341
51201
6935
9839
441951
463
7538
7543
22882
7707
7764
59348
84911
9640
80139
