7818
596
64866
5266
4170
6935
5464
5540
100996758
5166
2064
7184
150094
6794
6387
7852
9564
1236
6366
998
718
6774
4318
11278
4313
468
3162
2551
4780
406991
27250
3576
50507
84557
5329
5054
977
10642
81502
196294
81030
29072
4088
2525
11226
6487
4316
2651
7040
5321
10524
4325
4323
4087
4435
3673
442918
4326
84560
7249
2315
388015
5077
6999
3910
94234
4675
960
6615
3875
3880
8842
3308
1374
2665
4881
948
3689
4804
102
7189
3688
5290
5291
5293
5294
7076
8737
192111
1111
11200
3569
3558
6318
6317
9429
3717
2323
2322
2309
285
9474
4851
5209
5175
1543
55818
2113
1969
3984
23452
7092
11259
9355
6885
7182
11035
4194
4193
7133
8091
6352
7412
53353
2247
4054
4322
5894
4312
4314
4319
5594
2353
2354
3725
3726
3727
22914
7048
2621
2118
1435
6776
6777
1277
51129
5747
1026
9338
27065
644914
10298
3146
6275
6347
79727
3565
3586
1555
51151
4790
4791
4089
4739
1956
6548
166
2051
64283
2909
1436
2065
925
7010
54345
5629
4360
54566
7113
5362
3169
3161
3320
2115
60681
219970
5743
4513
3223
4821
1769
8644
7291
2289
3791
2253
3927
254827
2346
10551
10417
1326
1524
6376
51393
1785
5585
84432
9043
2002
3853
5122
7832
10120
57332
984
23097
3397
2852
729230
10401
6605
5734
728606
29843
5879
2736
23476
10481
29126
7070
407026
407040
406933
5603
406940
4907
2171
84624
5820
2335
22908
708
4904
442911
406974
8407
79054
26353
6046
8019
83401
6597
7042
2252
8660
3732
928
958
4288
3606
5605
5297
5074
347745
4179
1604
966
9368
3491
2260
4771
406885
5058
51651
864
148252
1432
5868
10181
3872
57214
6696
3589
6273
4217
6667
30968
6093
283349
11186
7849
5079
4627
10398
4633
3091
2324
10016
10097
57379
10725
8572
4585
1954
51534
2876
11156
57007
9068
25950
494324
80314
1869
332
406935
50855
57402
6271
6285
406892
3480
406971
8614
1366
7082
25816
2012
9097
148808
25961
650
999
378938
51561
5473
6374
3383
9540
64975
286827
11235
51136
23410
6648
94025
4005
10276
207
10507
9319
1654
6405
8828
9260
2050
3683
3684
1573
2919
2920
25855
5608
5595
1612
8214
9940
4830
5664
7031
338412
126393
3309
5604
9839
406983
406984
406985
27122
2321
694
6927
6932
6513
947
346389
682
1021
1027
406989
1728
3303
3304
1268
1269
8727
9235
5880
6662
3384
1365
7020
8880
3315
7341
9229
10857
4321
100133941
6502
2735
2737
57144
1958
574447
2119
117581
9185
8493
7157
1029
115482713
10406
5100
655
406937
5460
642559
645682
6591
55124
57111
406979
23314
407035
738
208
6772
387103
3716
7297
407053
406936
7098
3149
81557
1192
3488
9353
57167
55630
56159
128209
1028
996
406988
5163
5601
5243
574452
81037
3676
8829
442906
1398
7965
9402
10598
26073
8795
11167
3925
10859
406959
7430
407024
5906
27342
54386
7410
1163
137529
10397
27035
1015
1233
6664
4495
6304
1000
9475
255877
219541
3916
2833
4283
3627
2049
23493
57801
390992
3316
22887
29128
574038
406914
6720
857
2185
406986
554213
9252
23089
407004
1022
1488
28996
1370
23017
81537
407018
79626
23650
3561
8883
995
9306
652995
102723099
54567
1827
80204
9314
27123
51162
10894
283131
54739
79679
623
624
100126343
1871
7512
22846
26121
406901
6868
6278
55000
285987
100642175
81848
79441
6732
1977
2151
56288
5770
221883
648
406948
554210
6015
6045
1410
56477
503638
5873
7879
338382
9148
283460
406996
3036
860
442920
112597
1452
3848
122011
55384
1789
8754
3235
442919
494331
1978
3172
100507347
10761
1019
11169
2549
3577
3579
5213
55294
146713
100506046
5729
3065
8841
586
503569
10000
100129597
100126315
7046
55706
983
990
2023
1953
4440
9289
407014
407050
406958
6659
108353832
894
100507246
571
6939
4819
8602
89780
728192
10797
6164
3394
1500
10950
84681
836
91039
1803
4582
442904
6334
3690
80829
406964
113157
390205
406999
406968
7490
4303
2296
972
920
1234
7528
80177
6657
100750225
60674
83752
29034
1373
57787
3796
2114
406942
3481
406975
6470
54474
400566
10280
100302187
7465
7168
7471
406906
3992
7169
6382
57502
80054
287
5524
4853
84289
4131
23158
7150
7153
4292
4363
4437
7472
8326
8408
406946
5655
366
6478
6477
112399
10519
115908
406924
406947
6695
84740
60312
2297
10694
23326
6176
10533
9140
22863
8678
56848
5777
11010
3479
23569
3604
578
7456
1017
6091
27161
406899
7077
3621
406938
5861
56919
834
114548
6733
220930
5090
599
338773
253782
3217
407021
7078
57504
317
89795
127841
22943
23133
574441
595
3126
8797
80725
28987
406994
159989
7571
5315
120224
3659
1848
56978
4673
639
10803
6370
10213
4487
309
84959
9077
3280
22880
693200
5347
3066
387893
668
100126338
27347
2290
11178
9021
407006
8089
406903
641648
677775
10085
7737
220
493812
574034
5080
5925
5753
10626
574495
79961
84844
101805488
100126319
57468
10746
406962
10446
2146
1385
406961
84793
2306
6338
7024
406997
2203
27113
407007
406943
55902
388796
51196
1033
993
891
9133
100506428
406987
387066
9586
9076
11009
9448
139628
1400
1809
23135
26167
100505746
84133
1038
3636
8314
2308
10518
56996
100048912
93663
51621
994
1030
81631
51100
57758
23028
10017
6346
374383
407037
56262
574511
6925
2535
2596
9698
1965
1968
8894
54822
79671
100302201
8651
1786
149603
1460
7126
8452
29117
353189
283120
11339
103724390
23012
9181
58191
91875
84848
574506
401237
407039
55959
7474
388969
9263
100130776
311
116986
1894
9088
2885
6654
3099
142
101805492
406913
5296
574456
90632
2498
64388
124540
100506311
51729
2264
100507056
10891
406916
10253
4317
5598
51082
693214
4040
23641
27075
219699
728978
113246
3226
9982
6663
285830
5216
27086
5725
442915
5606
1647
5424
6403
6474
8061
51552
5599
6464
55353
2944
3224
619351
10810
641638
688
102723356
406928
23414
5361
494336
400619
9446
1982
5708
7415
10428
50628
3164
9052
400643
8609
9804
7025
1025
541471
441094
574031
23642
406900
51309
101234261
10866
503639
284836
109
9112
2619
114038
2355
388906
23411
8718
1727
4864
664
11012
158326
56649
5654
8626
8839
5376
8412
26986
8404
7869
57556
9201
991
699
358
2697
56241
4854
115201
6446
8878
9821
7335
7334
301
83734
9447
7416
4939
60673
90407
55054
529
51548
9655
9219
5452
4162
148170
2149
9572
871
7162
3814
5817
25945
4267
8487
9169
9351
6298
7270
3678
9531
2042
940
4320
3718
5911
634
253012
768
6197
890
221395
115557
442901
574444
10919
1667
23468
728358
10146
6277
10131
780
30851
3312
118429
3897
2303
4311
355
2161
81607
185
472
9197
101054525
186
2263
407030
1235
6364
51176
430
8826
7296
3918
1386
2033
9817
684
6354
6372
1437
715
55576
4121
7103
1902
8896
9170
23566
290
4489
4490
4493
4494
4496
4498
4499
4500
4501
4543
644314
26018
6744
57823
4680
1048
7356
3373
3553
3655
84968
4214
2048
9332
3685
51013
440926
9037
214
51754
3921
952
3691
5337
101
406902
2043
10143
57584
6363
9462
7097
10333
929
27022
90139
10371
51079
4722
2274
7033
80139
6290
7099
6279
6280
6288
9928
1009
55616
382
28964
406941
23705
9846
4599
117178
64090
3675
26064
7074
5909
693121
11345
80381
5338
3914
967
9032
4248
4921
1291
5295
10657
4920
8856
79581
145624
3205
1001
7345
9208
3297
71
7052
79801
8751
8313
4324
6787
8745
4071
190
8028
253559
1020
8851
717
10879
51447
4212
826
147040
1281
4485
3486
8556
1788
7057
1002
56916
11218
64778
5908
6820
6707
6286
9290
84171
5062
23136
9510
23555
23671
1364
9914
81858
4843
79784
9905
2625
4591
8337
8338
2001
1495
27
3605
2528
2529
2526
4645
4644
10082
100190939
7178
1493
5133
6139
100526842
1829
1793
2147
2017
5364
2150
55065
9002
161742
200734
7803
10163
6418
168400
3433
7088
7795
51072
6786
55770
6386
2011
3236
975
7481
2828
10572
10920
1447
8260
407975
406952
3934
1730
3696
55679
3987
11184
57509
310
1891
29789
64750
57154
7080
4430
9922
6019
59350
10733
6839
2294
8543
5310
54434
6195
27330
2140
602
4831
4832
1183
407011
9636
7325
9246
57580
9557
23229
216
8549
7187
26092
7112
55914
692225
27121
326624
7180
203074
407029
7220
23246
1164
4783
6690
4773
8128
6929
55920
1109
3002
51728
10221
26263
6500
619556
55272
3832
5650
3680
57522
79767
23191
8936
100616158
81624
8879
8720
5774
81
4814
138065
5970
6857
64689
65125
23616
7813
442891
8036
79692
118
8522
84231
5806
4615
10013
10801
113251
84651
83483
4684
84634
10893
27076
5264
3386
7087
2886
3567
939
3265
5055
1901
2826
204
672
3698
1116
8111
9770
5698
149428
594
6080
1031
7329
7975
9521
10168
51374
55004
122664
100689229
8581
5663
338399
969
3566
3596
3559
3669
2066
643
5788
10563
10663
7535
5881
8349
1388
10672
54971
4888
10614
9294
6693
10755
6367
8022
2261
84876
56924
29941
28984
5731
5732
10407
5733
54496
79365
1230
8202
116833
21
959
79192
11315
170692
4758
4919
9522
6783
657
658
659
442908
29803
406950
8289
23462
3202
1237
3324
3337
171221
153090
1601
8073
55544
10765
6358
56667
360
246
6373
2494
8503
6199
25852
829
1917
6391
4486
9122
9123
394
9788
9891
406965
27074
968
930
1843
7402
8562
10059
23604
55669
23032
79038
8411
8703
171017
5768
407042
100132116
4092
574484
7764
2878
5931
6282
6876
10653
26166
1558
3398
51147
8613
55536
574033
199713
354
118427
115653
6406
3959
3094
10581
51132
9722
81839
7127
11279
1875
389421
9723
10512
407054
406910
54097
4651
7095
23367
4734
302
5602
6934
50943
23492
6926
861
6227
10549
8974
2305
4885
2893
10395
1523
6515
1490
25831
4284
375318
361
362
29995
407027
4915
9682
90
149371
92140
9862
4241
1195
50807
10263
10923
11102
28956
51639
115482693
3490
6416
84632
9063
5265
7009
407008
9734
83933
8470
29028
11187
3915
406890
1278
9869
407055
8897
29085
4245
4084
5469
3400
5997
3201
5052
4811
168002
1856
9124
84299
9232
2059
10006
1474
4488
1073
10484
9829
55785
10456
55707
6189
10411
3170
1182
11080
8780
7170
7171
574480
50616
58985
442890
4869
5352
10487
406931
5168
3856
5888
400500
79753
10928
11075
2590
80315
10002
541466
84904
57186
6362
4690
467
60675
151636
83666
54625
6778
23405
9781
2624
147179
407022
1984
8874
52
57591
8560
4157
2915
5230
10399
8854
10451
54897
11141
64321
9683
23308
5716
407019
79623
85369
57464
29966
8428
51765
5500
6938
6098
5300
2245
5923
25975
1662
3487
84654
3219
3958
7226
2357
8877
253962
3181
8913
441951
10365
85409
59277
81849
140828
3799
4646
6450
8840
5607
100271849
4240
9815
9265
404203
5781
23030
54508
100422847
23576
5896
8450
4017
132864
1893
200186
55107
54984
7013
693158
54845
51280
2295
4751
2004
554
10961
5201
7476
29122
10220
27178
89845
9991
63978
9820
7702
54937
128239
8325
6886
7224
3840
442910
83719
29931
64083
494328
157310
9644
10966
9025
4299
7058
10155
724025
5396
9766
9690
7443
60436
5921
6319
400550
9635
54502
58495
9830
1139
377630
7163
7286
29956
3672
115
30846
2060
6660
9939
3720
9099
5652
51659
59343
26234
56776
693183
182
84312
391627
23421
5026
494330
64326
102157401
90826
103611090
10370
10419
83394
9844
6721
3454
11174
89797
85028
152573
129049
6737
2130
2313
3861
4086
22997
100616119
23531
6614
4914
4541
3237
2537
113130
9894
51513
4641
23002
23199
8140
91107
140809
158376
2965
23636
51164
22822
494326
8451
100132074
8322
8476
5287
6348
401022
406919
79733
23499
54765
1994
7075
716
649
9647
4635
23406
3858
100126313
6666
2254
100422840
6198
7022
3306
10713
134265
8440
79603
84100
8100
7480
328
10212
6310
9113
5520
3780
9061
1903
10096
200315
10413
1499
114569
10123
84444
2262
3485
83698
9060
2530
2523
2524
3838
407017
1746
90627
5451
8242
2139
407056
406932
693235
5867
7706
101929447
407010
8871
8867
7049
23423
144165
50488
7398
5518
5515
100131096
406949
2258
1464
1745
2556
23196
7409
1215
6566
27349
28985
3936
6240
6241
50484
10554
7572
100126328
8569
2872
10644
83943
121665
23019
25937
1536
970
4659
407034
3429
5715
10534
10671
51014
115482696
26471
6423
81611
3020
53836
7941
693174
286077
11227
5991
11127
158747
6761
267
4925
9026
79893
57016
5169
3609
10403
11101
59272
8454
23759
406953
202
9212
5754
9139
23368
54776
1284
22902
26354
221150
4143
9205
29904
1938
5646
898
8805
23586
6517
8431
6624
100505633
9518
57446
90161
7444
1072
8985
6749
5610
54894
112577518
727897
9254
2358
8085
6330
79745
9437
340273
84851
5494
11145
5874
9230
122786
754
2101
91445
1947
1948
10912
9898
81029
80312
1999
27124
117189
6489
10265
406927
10787
51330
100131726
84985
100126331
8538
3607
9938
100874075
116985
83743
7023
27289
8971
100507567
11091
56999
100507098
28882
135
2070
693208
5311
85460
407023
3620
1303
84168
1292
828
8618
4735
1112
24138
54910
100887755
89846
57455
132625
10562
79805
574508
57493
3757
81567
51099
100750247
2823
56339
9127
57721
101927034
23512
9960
64881
51366
9094
56670
55197
768216
6422
8535
2648
80307
6185
664612
65989
28958
5253
1823
79658
262
10109
23643
221895
100302123
83844
23111
100126325
3631
79109
55018
5883
3364
5810
79661
7301
5935
645249
4297
439927
6773
171024
5784
7251
693207
9794
3090
2869
9780
7264
150759
3184
100507524
285708
80328
23035
253943
54915
8662
5076
2627
7468
100271694
55748
201292
5217
153572
5197
5196
3340
6361
57181
80149
1602
10850
10887
38
90411
3998
4041
841
5609
9590
4733
5037
8654
7361
3590
26052
4938
80004
23543
4857
55796
29841
221662
6700
27190
50604
957
727
728
388121
5573
10962
8744
2744
348
55672
2706
124976
54
3663
3570
284
7108
81846
283104
203068
4001
8991
3313
3326
506
308
9588
5954
79180
4249
3552
4345
131450
4481
3592
3593
4929
51497
338557
100129983
6188
3037
144455
1849
5928
1876
100996609
2034
574032
6238
55727
6909
6426
25800
6508
27043
1108
2719
2122
26257
55612
90864
57620
10150
4035
54463
26499
104472715
2045
4683
55655
7043
1748
5093
92359
3993
9670
7026
55611
64100
652
1646
4763
5027
3159
5029
4306
2705
152559
8324
22861
51592
348235
58533
51450
255082
29110
7442
55503
400128
100500807
3600
442900
579
5110
283149
760
222545
442895
693136
114907
1487
406920
84236
10459
2768
2997
10188
9656
57650
2246
166968
86
9354
10447
65975
221937
54941
4070
10938
3276
51654
100652772
8519
100422974
6943
4331
8682
3207
168620
9824
6781
2249
2267
79718
23328
51438
1545
4215
5927
51547
10987
6658
442902
383
200916
55223
81844
94241
5033
10980
152006
7227
9622
5780
642934
2892
26468
9537
92659
79977
100506211
607
100422889
5468
100506795
2237
7378
196528
3868
6495
1959
101060385
101929335
5270
3574
112935892
752
4772
100303491
114614
81671
100506299
55869
56672
55366
340419
4858
100616469
5930
80014
79689
1660
78994
7050
23528
200933
3837
401944
8312
10297
574453
6997
5015
3651
5268
356
50508
339044
169522
6049
3305
10525
8748
80705
64236
57403
574455
100126351
7123
5905
57178
9415
2167
2971
2181
10498
3098
8038
154822
9546
5727
6768
90993
10956
11228
54106
84335
64344
3956
11079
79366
2623
3950
501
79400
389053
1404
23166
5996
3575
6351
6398
924
100463285
100463482
11103
5696
3232
80774
3975
1795
3695
5948
4221
84951
8482
27087
55790
6480
3399
6050
11086
8756
22859
5078
11096
6232
5223
9022
6494
10863
55824
3694
7368
1382
285193
23765
153
29066
2890
2891
2912
26524
100126335
338413
7248
4628
397
652968
7060
7514
100506190
4841
246175
100506866
223082
11045
10963
4211
2152
3385
57447
675
3096
79697
7348
55771
8864
407012
55693
100874074
220107
5218
858
10445
84981
1024
407016
4004
3815
5634
3233
8078
201853
5831
23412
283487
8174
10454
240
7132
7041
84101
79885
1908
9718
10202
10935
9377
10954
3420
5704
5782
5745
574460
1301
9732
2658
64761
51586
9847
51203
359845
5563
407041
405
25792
81831
5228
239
51062
5586
390
3038
7134
8076
347736
274
5335
9167
10982
22919
56899
26269
10346
154
10825
81285
63916
55193
29127
26586
29775
57572
83894
92104
51098
10409
3053
29915
27092
5924
2889
10103
79148
11117
286133
7336
11211
25942
7473
8714
10057
6059
3985
723788
6331
2288
55781
57019
11074
55966
6869
51313
51588
8763
10288
8536
8844
7186
23235
406963
6194
27242
81930
388585
901
10785
6289
2842
8477
26996
53829
29933
677823
4300
2192
12
3339
79888
84803
2319
1004
574030
493
29089
3679
6239
23409
10587
442114
50813
9958
956
57094
3484
54756
51094
79602
572558
5239
29092
445
145978
51506
3218
23607
64170
2811
8742
9709
1718
8835
2099
3852
4090
5522
9611
23192
84971
9706
1586
79993
2637
729
4175
23077
6751
23214
3178
1981
55614
6415
10420
1874
7185
3014
8611
10514
163404
914
941
55850
55233
92667
5902
5926
84313
11070
11068
10641
2521
11334
8692
330
762
51341
55122
6143
23387
28903
28940
10266
10268
5449
6574
9141
55799
26822
85388
7001
10553
22974
7053
329
3646
4308
406993
3758
9104
527
9370
6883
55437
8081
1649
5366
80319
9055
50838
57761
6121
7405
10970
1434
8277
2877
9612
4908
4909
147093
5292
693162
27253
406921
407028
84868
574436
285958
644192
106182249
406934
51719
5980
8351
8352
8353
9134
10573
29107
115482684
10134
100506696
284654
23369
100874323
3206
100996348
285456
761
5036
5653
4738
152217
100996490
103352670
677841
574448
8661
79751
2908
7071
57212
56898
389641
284406
9149
9759
139341
27436
9271
2041
27429
580
100499467
199731
26959
896
7027
91057
4916
114793
51397
157
11151
115482706
5031
5030
55626
149086
51499
100874041
827
9927
2539
1974
28983
285194
51430
84958
10753
57082
7311
9918
2202
9686
693203
10615
1620
57805
100303728
292
9247
1501
285220
10154
26469
114044
8888
56992
8266
7923
2160
388512
100271715
93986
117154
80036
114786
203859
2195
100302138
10054
1825
1830
2547
9950
1485
30848
7306
2172
85443
5307
7122
5531
976
30817
5600
27244
9787
6688
5325
445815
5818
10752
4884
6355
6356
2921
80321
1179
2159
1045
931
921
6402
7804
100302263
55466
563
26207
5316
5087
3572
4827
10128
6863
54778
64129
6895
55893
57571
6543
147906
55379
6521
3850
50515
79791
7100
693135
619552
6535
9610
945
11342
83732
4154
6867
94
6590
10488
378
1315
8615
51637
9410
51284
2734
10942
10736
1870
1942
4053
3557
912
59067
26973
574451
22899
23408
118932
6586
3301
8318
10808
11065
3854
5126
220988
284695
4209
100289019
113391337
493856
84132
24137
6757
24144
6323
112939
81559
8558
406982
55359
574507
574457
1655
9276
3682
3475
54760
2026
115209
9775
100874054
63933
283932
54620
9325
6122
56301
197187
5976
8607
57534
2100
3015
65108
318
28514
10683
5210
270
407033
6299
3660
26
28988
7069
5714
6208
107228383
31
597
7167
154860
389549
474
414777
51141
27248
54583
6647
2806
89958
2214
2215
3151
246100
8554
91975
117156
50848
28481
163175
28923
729082
10979
2030
909
9308
693228
3417
3418
7403
463
1457
27040
6520
5170
6510
6752
8471
30849
23533
4205
8074
8821
23678
1936
574502
406960
1316
7391
7392
6947
56892
25790
8467
30011
7030
2307
11007
64771
2035
100270680
6429
6431
9972
9618
1462
56413
5160
51660
3737
9261
7037
130399
7044
9573
4856
440275
80380
3960
10855
9536
56052
3084
58505
1594
6210
8817
54538
11118
28639
306
4142
4171
6425
23623
84631
83604
116372
3664
10262
4836
574413
23129
1440
56144
64805
2209
57585
90861
51603
57188
205
54663
